0	1461.110228	1657.101915	1511.694894	1744.165776	1569.415526	1645.763398
3	1567.886687	1786.497782	1592.428463	1790.194656	1582.142667	1678.064163
6	1626.770764	1851.613122	1630.323812	1852.662422	1631.460337	1713.516223
9	1709.993593	1901.701845	1684.695399	1920.061853	1694.300593	1767.088225
12	1773.588396	1986.017861	1741.538423	1995.680728	1760.322635	1799.38899
15	1839.538562	2084.525683	1828.862487	2086.916543	1819.981107	1934.106817
18	1918.835785	2168.8417	1880.762639	2188.837635	1896.343951	1971.134524
21	1990.281799	2216.425986	1975.501011	2267.744287	1975.888579	2032.584761
24	2081.355838	2312.429372	2062.001264	2375.418988	2029.183481	2134.213999
27	2208.545444	2430.972683	2203.696916	2511.86174	2133.386944	2225.601531
30	2375.776222	2603.778777	2382.464105	2707.48448	2307.589681	2409.952242
33	2564.990389	2767.401938	2528.278817	2822.55668	2434.065641	2545.457893
36	2725.940199	2904.311114	2649.379171	3019.823309	2610.654717	2648.662778
39	2921.435335	3153.085104	2832.26542	3184.212166	2772.130314	2816.469194
42	3062.757119	3325.056386	3001.970677	3360.930188	2949.514836	2976.397375
44.96666667	3054.120788	3364.292552	3081.056623	3484.221831	3110.194986	3097.722202
47.96666667	3243.334955	3454.452253	3174.147371	3547.511541	3162.694441	3137.901203
50.96666667	3254.326649	3509.549848	3202.156977	3591.074588	3180.194259	3191.473205
53.96666667	3300.64879	3532.924586	3250.761881	3637.103468	3247.807194	3196.987969
56.96666667	3318.706573	3536.263834	3232.638018	3626.418192	3222.352913	3227.713088
59.96666667	3324.987542	3523.741653	3238.404702	3623.130415	3219.171128	3241.106088
62.96666667	3313.210726	3537.933458	3271.357179	3605.869585	3251.784425	3240.318265
65.96666667	3310.070242	3562.977819	3263.11906	3611.623195	3273.261475	3241.106088
68.96666667	3361	3586	3271	3635	3290	3250
71.96666667	3466	3607	3295	3676	3302	3267
74.96666667	3505	3643	3328	3684	3372	3327
77.96666667	3502	3596	3340	3645	3338	3282
80.96666667	3508	3612	3335	3655	3319	3266
83.96666667	3487	3641	3357	3661	3361	3287
86.96666667	3530	3686	3336	3669	3389	3324
89.96666667	3592	3751	3404	3742	3516	3435
92.96666667	3557	3875	3457	3797	3529	3407
95.96666667	3630	3885	3480	3831	3570	3461
98.96666667	3709	3916	3556	3899	3642	3510
101.9666667	3783	4004	3577	3992	3633	3561
104.9666667	3840	4071	3688	4061	3742	3596
107.9666667	3848	4063	3673	4108	3755	3644
110.9666667	3883	4173	3728	4141	3835	3666
113.9666667	3950	4175	3754	4232	3834	3731
116.9666667	3953	4257	3828	4286	3989	3839
119.9666667	3866	4257	3895	4193	3908	3757
122.9666667	3888	4206	3837	4167	3871	3721
125.9666667	3907	4232	3830	4133	3891	3688
128.9666667	3903	4208	3866	4114	3877	3709
131.9666667	3777	4217	3786	4169	3876	3709
134.9666667	3801	4242	3793	4133	3865	3709
137.9666667	3741	4242	3859	4169	4004	3799
140.9666667	3798	4175	3830	4142	3961	3629
143.9666667	3735	4282	3790	4129	3812	3621
146.9666667	3689	4280	3829	4063	3834	3694
149.9666667	3745	4179	3811	4096	3867	3673
152.9666667	3698	4191	3747	4043	3863	3656
155.9666667	3711	4223	3749	4009	3852	3656
158.9666667	3645	4190	3734	4031	3849	3633
161.85	3676	4164	3748	4032	3803	3571
164.85	3693	4169	3890	4039	3960	3621
167.85	3649	4071	3750	3935	3863	3560
170.85	3581	3979	3641	3801	3741	3438
173.85	3531	3965	3645	3812	3696	3454
176.85	3462	3834	3584	3671	3634	3416
179.85	3452	3872	3552	3694	3596	3434
182.85	3449	3837	3507	3652	3567	3380
185.85	3393	3777	3477	3646	3538	3327
188.85	3360	3758	3387	3560	3503	3262
191.85	3284	3705	3277	3578	3460	3219
194.85	3267	3710	3286	3542	3440	3172
197.85	3248	3711	3337	3524	3395	3173
200.85	3241	3648	3269	3500	3447	3122
203.85	3213	3665	3293	3448	3429	3092
206.85	3217	3621	3243	3428	3470	3014
209.85	3201	3598	3221	3492	3432	3128
212.85	3096	3472	2994	3309	3560	2860
215.85	3095	3538	2994	3340	3334	2965
218.85	3009	3477	2980	3370	3299	2920
221.85	3035	3483	3014	3278	3315	2983
224.85	3017	3443	3004	3357	3338	2891
227.85	3045	3504	3030	3431	3310	2924
230.85	3074	3515	3087	3479	3342	2920
233.85	3068	3572	3165	3540	3485	3117
236.85	2998	3653	3194	3547	3425	2997
239.85	3099	3631	3136	3546	3509	3055
242.85	3056	3684	3128	3487	3532	3036
245.85	3098	3707	3154	3571	3570	3085
248.85	3156	3689	3162	3567	3596	3026
251.85	3061	3707	3165	3632	3711	3036
254.85	3161	3851	3204	3775	3792	3077
257.85	3213	3871	3313	3710	3872	3191
260.85	3208	4008	3342	3725	3927	3218
263.85	3325	3910	3328	3843	3871	3293
266.85	3373	3983	3293	3924	3931	3299
269.85	3394	4096	3389	4105	3983	3371
272.85	3367	4157	3425	4122	4038	3423
275.85	3347	4222	3443	4166	4101	3467
278.85	3409	4290	3531	4273	4218	3561
281.85	3490	4356	3688	4327	4341	3678
284.85	3421	4548	3661	4089	4442	3807
287.85	3382	4507	3463	4170	4234	3599
290.85	3492	4580	3672	4237	4335	3684
293.85	3565	4623	3684	4321	4342	3687
296.85	3603	4747	3643	4459	4597	3935
299.85	3687	4907	3751	4539	4690	3914
302.85	3811	4993	3832	4669	4757	4051
305.85	3879	5167	3851	4806	4914	4062
308.85	3793	5294	3993	4908	4954	4151
311.85	3888	5396	4040	5081	5128	4164
314.85	3949	5569	4073	5094	5303	4210
317.85	4124	5670	4218	5273	5437	4283
320.85	4218	5870	4176	5338	5531	4416
323.85	4418	5983	4313	5443	5650	4494
326.85	4483	6176	4425	5515	5882	4645
329.85	4783	6616	4756	5786	6265	4962
332.85	4765	6636	4826	5887	6261	4922
336.95	4846	6586	4745	5797	6247	4863
340.95	4978	6839	4899	6058	6471	4960
344.95	5218	7173	5070	6216	6675	5267
348.95	5508	7530	5258	6444	6998	5492
352.95	5737	7807	5334	6682	7301	5698
357	6018	8215	5590	7002	7628	5973
361	6297	8609	5828	7327	7969	6323
365	6580	9054	6003	7689	8431	6629
369	6880	9486	6322	7967	8882	7050
373	7217	10062	6715	8458	9247	7421
377	7611	10538	7016	8900	9689	7736
381	7991	11098	7382	9459	10299	8231
385	8286	11618	7629	9843	10603	8704
389	8669	12151	7979	10237	11136	9190
393	9235	12712	8330	10700	11679	9831
397	9638	13394	8853	11218	12321	10338
401	10300	14135	9292	11716	12981	10962
405	11066	14774	10071	12394	13875	11791
409	10905	14985	10058	12848	14010	12122
413	11564	15761	10551	13332	14692	12744
417	12274	16577	11132	13960	15486	13502
421	12952	17510	11731	14738	16356	14414
425	13648	18243	12390	15542	17056	15281
429	14443	19182	13236	16234	18064	16264
433	15306	20295	13859	17192	18993	17368
437	16156	21293	14840	18119	19988	18539
441	17054	22372	15644	18828	21054	19677
445	17807	23077	16294	19566	22173	20870
449	18647	24043	17024	20344	22971	22235
453	19294	24639	17848	20790	23755	23532
457	20142	25501	18624	21287	24648	24700
461	21078	25906	19587	21670	25545	25851
465	21829	26357	20378	21778	26093	27277
469	22875	26987	21235	21960	26781	28304
473	23936	27111	22084	21988	27813	29672
477	24842	27528	22914	22283	28270	31305
481	25799	27569	23838	22206	28398	32525
485	26981	27779	24692	22459	29037	33950
489	27989	28174	25934	22976	29999	35609
493	29070	28721	27049	23404	30844	37099
497	30007	29214	28020	23859	31553	38371
501	31577	29591	29521	24559	33128	39871
505	32282	29567	29842	24325	32977	40426
509	32734	29901	30487	24389	32928	40988
513	33372	30006	30890	24465	33173	41675
517	34163	30972	31386	24881	33438	42330
521	35078	31376	31919	25576	33947	42816
525	36199	32193	32915	26363	34400	43609
529	37263	33157	34030	27122	35486	44490
533	38691	34084	34966	28059	36575	45715
537	39090	34809	35833	28701	37190	46462
541	39776	35642	36277	29312	38148	47485
545	40428	36158	37043	29952	38860	47870
549	41243	36461	37428	30327	39115	48300
553	41127	36589	37725	30558	39514	48593
557	41195	37009	37820	31010	39512	48422
561	41282	36675	37640	31008	40073	48654
565	41524	36661	37990	30926	39406	48166
569	41505	36730	37973	30454	39261	48373
573	41431	36462	38138	30436	39176	47705
577	40473	36870	37010	30230	39286	47195
581	41043	36213	36947	29475	38907	46200
585	41082	35658	36430	28818	38287	46139
589	41307	35642	36179	28453	38155	45727
593	41570	35656	36036	28236	37750	45934
597	41503	35662	36024	28241	37632	45565
601	41503	35825	35666	28149	37818	45697
605	41792	35975	36223	28145	38020	46527
609	42257	36586	36665	28516	38635	47219
613	41959	37642	36845	29286	39370	47549
617	42884	37941	37093	29719	40048	48504
621	43101	38320	37771	29835	40437	48671
625	43079	38508	37844	30318	40700	49159
629	42998	39161	38072	29975	40630	49484
633	43351	39330	37672	30110	41219	49039
637	43707	39410	37898	30282	40880	48776
641	43751	38901	38184	30484	40931	48547
645	43902	39115	37764	30617	40865	48218
649	43728	39692	37996	30806	40814	48248
653	43867	39887	37907	30950	40973	48339
657	43835	40119	38601	31397	40889	48996
661	44442	40275	38327	31618	41595	49287
665	44025	40877	38387	31927	42035	49400
671	44815	42331	40666	31477	41429	49877
675	44187	42086	39881	31088	41136	49055
679	44143	41651	39796	30861	40991	48966
683	43789	41043	39280	31054	40542	48260
687	43247	41075	39250	31302	40297	48395
691	43629	41324	39440	31212	40339	47916
695	43388	41583	39433	31530	40389	48164
699	43556	42617	39661	32366	41595	48699
703	43378	43172	40478	33298	41993	49303
707	43509	43219	41056	33556	42771	49721
711	43374	43461	40845	34181	43507	50183
715	42468	43049	40300	33302	42325	48818
719	43635	44510	41162	35413	44896	51807
723	43818	44665	41323	35783	45328	51126
727	43251	44218	41119	35882	44925	51547
731	42971	44495	40897	35794	44949	51064
735	42780	44452	41187	35881	45473	51194
739	42689	44238	41418	36362	45614	51835
743	42920	44036	41276	36528	46277	52446