0.000000	 1541.790774 1599.929633 1508.942987 1516.541518 1585.591446 1563.380110
4.000000	 1603.315480 1672.653707 1615.467507 1604.510089 1661.184681 1626.248146
8.000000	 1785.134762 1849.802093 1792.390841 1753.873393 1827.303150 1779.720114
12.000000	 1936.650829 1979.400123 1940.598869 1920.647143 1951.425376 1946.135501
16.000000	 2097.349689 2164.939748 2070.280894 2107.580357 2153.940587 2096.833880
20.000000	 2245.192640 2311.320257 2209.225920 2261.525357 2296.727810 2266.022857
24.000000	 2523.431237 2575.178116 2447.285065 2525.431071 2613.099499 2496.230809
28.000000	 2793.405321 2808.268097 2714.985816 2774.675357 2846.411954 2777.287908
32.000000	 3080.826710 3127.135192 3030.854176 3078.900000 3129.186650 3165.590478
36.000000	 3377.430891 3482.364324 3361.543339 3439.021339 3462.356836 3473.458944
45.016667	 4240.613338 4386.753452 4226.707704 4302.212946 4357.343414 4276.875453
49.016667	 4660.266932 4698.161668 4573.143970 4568.867679 4692.380100 4704.008280
53.016667	 5007.376469 4927.522210 4807.497914 4867.594286 4969.555297 5063.650423
57.016667	 5158.892536 5077.632158 4935.327338 4968.391607 5094.610773 5216.197861
61.016667	 5274.595715 5149.423872 4976.084546 5009.626875 5123.541518 5297.556495
65.016667	 5364.587077 5253.848184 5019.620654 5027.037321 5187.002505 5398.330257
69.016667	 5331.529026 5284.616061 5003.873551 5096.679107 5205.667502 5372.443419
73.016667	 5354.000000 5290.000000 5002.000000 5128.000000 5226.000000 5391.000000
77.016667	 5432.000000 5270.000000 5014.000000 5121.000000 5248.000000 5454.000000
81.016667	 5388.000000 5225.000000 4947.000000 5099.000000 5170.000000 5355.000000
85.016667	 5379.000000 5127.000000 4910.000000 5060.000000 5115.000000 5230.000000
89.016667	 5286.000000 5070.000000 4808.000000 5007.000000 5024.000000 5136.000000
93.016667	 5216.000000 5001.000000 4723.000000 4920.000000 4925.000000 5075.000000
97.016667	 5165.000000 4952.000000 4660.000000 4869.000000 4841.000000 5001.000000
101.016667	 5111.000000 4864.000000 4549.000000 4810.000000 4782.000000 4942.000000
105.016667	 5107.000000 4845.000000 4547.000000 4770.000000 4711.000000 4850.000000
109.016667	 5102.000000 4818.000000 4587.000000 4744.000000 4706.000000 4845.000000
113.016667	 5123.000000 4800.000000 4559.000000 4762.000000 4687.000000 4834.000000
117.016667	 5166.000000 4813.000000 4561.000000 4731.000000 4641.000000 4853.000000
121.016667	 5152.000000 4803.000000 4518.000000 4733.000000 4687.000000 4828.000000
125.016667	 5202.000000 4787.000000 4555.000000 4747.000000 4651.000000 4815.000000
129.016667	 5239.000000 4793.000000 4549.000000 4694.000000 4674.000000 4777.000000
133.016667	 5169.000000 4716.000000 4442.000000 4652.000000 4641.000000 4694.000000
137.016667	 5083.000000 4646.000000 4431.000000 4667.000000 4573.000000 4695.000000
141.016667	 5068.000000 4606.000000 4435.000000 4625.000000 4530.000000 4594.000000
145.016667	 4982.000000 4534.000000 4370.000000 4560.000000 4443.000000 4540.000000
149.016667	 4975.000000 4474.000000 4299.000000 4515.000000 4405.000000 4484.000000
153.016667	 4906.000000 4391.000000 4272.000000 4454.000000 4327.000000 4431.000000
157.016667	 4808.000000 4291.000000 4172.000000 4381.000000 4264.000000 4308.000000
161.016667	 4745.000000 4214.000000 4173.000000 4336.000000 4221.000000 4269.000000
165.016667	 4777.000000 4169.000000 4099.000000 4229.000000 4115.000000 4162.000000
169.016667	 4723.000000 4140.000000 3993.000000 4138.000000 4055.000000 4065.000000
173.016667	 4591.000000 4071.000000 3946.000000 4125.000000 3987.000000 4008.000000
176.833333	 4578.000000 4049.000000 3885.000000 4096.000000 4016.000000 4010.000000
180.833333	 4475.000000 4005.000000 3848.000000 4086.000000 3936.000000 3948.000000
184.833333	 4399.000000 3974.000000 3780.000000 4004.000000 3906.000000 3885.000000
188.833333	 4315.000000 3868.000000 3673.000000 3926.000000 3853.000000 3759.000000
192.833333	 4158.000000 3860.000000 3670.000000 3912.000000 3839.000000 3749.000000
196.833333	 4117.000000 3793.000000 3618.000000 3854.000000 3768.000000 3670.000000
200.833333	 4008.000000 3729.000000 3515.000000 3805.000000 3714.000000 3653.000000
204.833333	 3952.000000 3660.000000 3423.000000 3789.000000 3632.000000 3567.000000
208.833333	 3875.000000 3603.000000 3420.000000 3780.000000 3609.000000 3528.000000
212.833333	 3788.000000 3594.000000 3345.000000 3667.000000 3568.000000 3499.000000
216.833333	 3787.000000 3541.000000 3234.000000 3553.000000 3509.000000 3460.000000
220.833333	 3742.000000 3526.000000 3216.000000 3640.000000 3538.000000 3450.000000
224.833333	 3597.000000 3428.000000 3150.000000 3509.000000 3451.000000 3332.000000
228.833333	 3517.000000 3394.000000 3075.000000 3466.000000 3390.000000 3270.000000
232.833333	 3447.000000 3367.000000 2984.000000 3428.000000 3314.000000 3249.000000
236.833333	 3437.000000 3308.000000 2904.000000 3343.000000 3245.000000 3185.000000
240.833333	 3343.000000 3303.000000 2845.000000 3342.000000 3208.000000 3174.000000
244.833333	 3146.000000 3191.000000 2749.000000 3268.000000 3146.000000 3055.000000
248.833333	 3155.000000 3147.000000 2649.000000 3170.000000 3009.000000 2908.000000
252.833333	 3146.000000 3090.000000 2558.000000 3122.000000 2951.000000 2898.000000
256.833333	 3085.000000 3040.000000 2514.000000 3045.000000 2865.000000 2837.000000
260.833333	 3015.000000 3030.000000 2459.000000 3007.000000 2797.000000 2801.000000
264.833333	 2949.000000 2987.000000 2376.000000 2959.000000 2736.000000 2755.000000
268.833333	 2863.000000 2910.000000 2350.000000 2856.000000 2752.000000 2700.000000
272.833333	 2860.000000 2863.000000 2305.000000 2830.000000 2695.000000 2673.000000
276.833333	 2846.000000 2837.000000 2189.000000 2812.000000 2661.000000 2590.000000
280.833333	 2822.000000 2794.000000 2174.000000 2713.000000 2633.000000 2558.000000
284.833333	 2747.000000 2838.000000 2110.000000 2687.000000 2613.000000 2519.000000
288.833333	 2737.000000 2812.000000 2122.000000 2676.000000 2594.000000 2458.000000
292.833333	 2674.000000 2744.000000 2084.000000 2626.000000 2539.000000 2411.000000
296.833333	 2640.000000 2711.000000 2040.000000 2575.000000 2503.000000 2372.000000
300.833333	 2636.000000 2687.000000 2011.000000 2502.000000 2468.000000 2329.000000
304.833333	 2567.000000 2674.000000 1976.000000 2468.000000 2414.000000 2294.000000
308.833333	 2573.000000 2712.000000 1973.000000 2472.000000 2361.000000 2233.000000
312.833333	 2549.000000 2702.000000 1916.000000 2382.000000 2395.000000 2242.000000
316.833333	 2507.000000 2658.000000 1857.000000 2321.000000 2300.000000 2175.000000
320.833333	 2491.000000 2676.000000 1836.000000 2283.000000 2238.000000 2154.000000
324.833333	 2451.000000 2686.000000 1796.000000 2260.000000 2232.000000 2117.000000
328.833333	 2438.000000 2680.000000 1776.000000 2254.000000 2166.000000 2118.000000
332.833333	 2417.000000 2653.000000 1731.000000 2245.000000 2195.000000 2079.000000
336.833333	 2393.000000 2686.000000 1742.000000 2204.000000 2155.000000 2007.000000
340.833333	 2391.000000 2681.000000 1694.000000 2175.000000 2114.000000 2009.000000
344.833333	 2378.000000 2656.000000 1644.000000 2136.000000 2098.000000 1975.000000
348.833333	 2384.000000 2713.000000 1625.000000 2080.000000 2091.000000 1975.000000
352.833333	 2320.000000 2763.000000 1590.000000 2094.000000 2085.000000 1947.000000
356.833333	 2330.000000 2772.000000 1610.000000 2078.000000 2060.000000 1933.000000
360.833333	 2332.000000 2825.000000 1572.000000 2033.000000 2049.000000 1880.000000
364.833333	 2276.000000 2806.000000 1545.000000 2044.000000 1995.000000 1860.000000
368.833333	 2316.000000 2897.000000 1488.000000 2012.000000 2006.000000 1842.000000
372.833333	 2284.000000 2877.000000 1488.000000 1968.000000 1965.000000 1778.000000
376.833333	 2305.000000 2934.000000 1439.000000 1929.000000 1973.000000 1775.000000
380.833333	 2319.000000 2991.000000 1414.000000 1902.000000 1984.000000 1745.000000
384.833333	 2336.000000 3020.000000 1421.000000 1874.000000 1940.000000 1725.000000
388.833333	 2343.000000 3078.000000 1440.000000 1837.000000 1944.000000 1694.000000
392.833333	 2327.000000 3191.000000 1406.000000 1820.000000 1962.000000 1680.000000
396.833333	 2336.000000 3271.000000 1366.000000 1778.000000 1951.000000 1623.000000
400.833333	 2366.000000 3312.000000 1335.000000 1767.000000 1941.000000 1637.000000
404.833333	 2381.000000 3400.000000 1336.000000 1780.000000 1940.000000 1633.000000
408.833333	 2370.000000 3486.000000 1314.000000 1731.000000 1905.000000 1600.000000
412.833333	 2433.000000 3635.000000 1285.000000 1730.000000 1914.000000 1577.000000
416.833333	 2464.000000 3748.000000 1269.000000 1709.000000 1951.000000 1556.000000
420.833333	 2483.000000 3789.000000 1247.000000 1674.000000 1949.000000 1514.000000
424.833333	 2495.000000 3886.000000 1228.000000 1636.000000 1955.000000 1507.000000
428.833333	 2535.000000 4052.000000 1232.000000 1668.000000 1972.000000 1471.000000
432.833333	 2569.000000 4232.000000 1218.000000 1585.000000 1984.000000 1443.000000
436.833333	 2590.000000 4329.000000 1199.000000 1589.000000 2001.000000 1451.000000
440.833333	 2619.000000 4488.000000 1185.000000 1558.000000 2036.000000 1422.000000
444.833333	 2676.000000 4623.000000 1146.000000 1560.000000 2029.000000 1380.000000
448.833333	 2704.000000 4825.000000 1135.000000 1529.000000 2052.000000 1368.000000
452.833333	 2764.000000 4932.000000 1104.000000 1509.000000 2087.000000 1374.000000
456.833333	 2745.000000 5146.000000 1112.000000 1513.000000 2130.000000 1346.000000
460.833333	 2675.000000 5344.000000 1007.000000 1411.000000 2116.000000 1211.000000
464.833333	 2689.000000 5563.000000 999.000000 1407.000000 2103.000000 1217.000000
468.833333	 2728.000000 5771.000000 990.000000 1392.000000 2139.000000 1216.000000
472.833333	 2764.000000 6017.000000 981.000000 1360.000000 2201.000000 1192.000000
476.833333	 2792.000000 6188.000000 951.000000 1356.000000 2248.000000 1195.000000
480.833333	 2799.000000 6415.000000 937.000000 1334.000000 2289.000000 1165.000000
484.833333	 2896.000000 6633.000000 907.000000 1311.000000 2339.000000 1150.000000
488.833333	 2899.000000 6758.000000 903.000000 1302.000000 2386.000000 1123.000000
492.833333	 3023.000000 6840.000000 903.000000 1283.000000 2386.000000 1132.000000
496.833333	 3082.000000 7093.000000 911.000000 1253.000000 2410.000000 1094.000000
500.833333	 3067.000000 7335.000000 887.000000 1245.000000 2412.000000 1075.000000
504.833333	 3113.000000 7610.000000 869.000000 1216.000000 2587.000000 1048.000000
508.833333	 3122.000000 7791.000000 867.000000 1178.000000 2600.000000 1036.000000
510.316667	 3170.000000 7822.000000 896.000000 1215.000000 2721.000000 1007.000000
513.316667	 3189.000000 7907.000000 867.000000 1181.000000 2730.000000 1000.000000
516.316667	 3137.000000 8060.000000 833.000000 1139.000000 2780.000000 979.000000
519.316667	 3214.000000 8128.000000 828.000000 1137.000000 2825.000000 992.000000
522.316667	 3254.000000 8339.000000 846.000000 1142.000000 2827.000000 964.000000
525.316667	 3256.000000 8495.000000 821.000000 1131.000000 2931.000000 929.000000
528.316667	 3270.000000 8824.000000 813.000000 1120.000000 2874.000000 924.000000
531.316667	 3182.000000 8840.000000 762.000000 1057.000000 2846.000000 894.000000
534.316667	 3219.000000 8938.000000 751.000000 1052.000000 2898.000000 852.000000
537.316667	 3259.000000 9135.000000 732.000000 1031.000000 2982.000000 832.000000
540.316667	 3228.000000 9299.000000 735.000000 1002.000000 2986.000000 846.000000
543.316667	 3319.000000 9391.000000 739.000000 1001.000000 3053.000000 815.000000
546.316667	 3303.000000 9568.000000 725.000000 972.000000 3098.000000 792.000000
549.316667	 3374.000000 9800.000000 714.000000 966.000000 3123.000000 810.000000
552.316667	 3380.000000 10126.000000 703.000000 945.000000 3319.000000 792.000000
555.316667	 3319.000000 10228.000000 713.000000 943.000000 3376.000000 780.000000
558.316667	 3402.000000 10397.000000 692.000000 913.000000 3407.000000 779.000000
561.316667	 3393.000000 10518.000000 707.000000 892.000000 3458.000000 728.000000
564.316667	 3493.000000 10652.000000 660.000000 907.000000 3568.000000 703.000000
567.316667	 3562.000000 10779.000000 619.000000 903.000000 3583.000000 719.000000
570.316667	 3534.000000 10938.000000 544.000000 883.000000 3613.000000 760.000000
573.316667	 3587.000000 10981.000000 533.000000 828.000000 3627.000000 694.000000
576.316667	 3507.000000 11463.000000 475.000000 813.000000 3354.000000 677.000000
579.316667	 3394.000000 11546.000000 461.000000 771.000000 3302.000000 650.000000
582.316667	 3428.000000 11790.000000 461.000000 776.000000 3325.000000 636.000000
585.316667	 3453.000000 11932.000000 492.000000 563.000000 3487.000000 509.000000
588.316667	 3511.000000 12067.000000 501.000000 713.000000 3469.000000 530.000000
591.316667	 3574.000000 12267.000000 457.000000 745.000000 3453.000000 514.000000
594.316667	 3558.000000 12449.000000 481.000000 574.000000 3079.000000 485.000000
597.316667	 3531.000000 12526.000000 482.000000 566.000000 3358.000000 498.000000
600.316667	 3689.000000 12586.000000 431.000000 577.000000 3114.000000 462.000000
603.316667	 3766.000000 12784.000000 466.000000 541.000000 3699.000000 458.000000
606.316667	 3730.000000 12848.000000 464.000000 565.000000 3234.000000 457.000000
609.316667	 2432.000000 12948.000000 443.000000 554.000000 3641.000000 463.000000
612.316667	 2561.000000 13116.000000 453.000000 567.000000 2337.000000 495.000000
615.316667	 3918.000000 13369.000000 445.000000 503.000000 3946.000000 468.000000
618.316667	 2193.000000 13384.000000 435.000000 532.000000 3870.000000 492.000000
621.316667	 2605.000000 13640.000000 432.000000 541.000000 4097.000000 471.000000
624.316667	 4205.000000 13736.000000 427.000000 514.000000 4124.000000 460.000000
627.316667	 4350.000000 13757.000000 434.000000 528.000000 4057.000000 484.000000
630.316667	 4242.000000 13890.000000 432.000000 498.000000 4304.000000 451.000000
633.316667	 4426.000000 14088.000000 419.000000 538.000000 3961.000000 465.000000
636.316667	 2392.000000 14059.000000 409.000000 516.000000 4504.000000 491.000000
639.316667	 2921.000000 14251.000000 441.000000 521.000000 4487.000000 434.000000
642.316667	 3310.000000 14412.000000 423.000000 476.000000 4551.000000 464.000000
645.316667	 4569.000000 14744.000000 393.000000 513.000000 4917.000000 444.000000
648.316667	 3157.000000 15204.000000 444.000000 510.000000 4847.000000 448.000000
651.316667	 4762.000000 14896.000000 380.000000 469.000000 5066.000000 461.000000
654.316667	 4875.000000 15044.000000 378.000000 502.000000 5133.000000 460.000000
657.316667	 5027.000000 15331.000000 382.000000 489.000000 4471.000000 427.000000
660.316667	 5046.000000 15343.000000 371.000000 494.000000 5233.000000 421.000000
663.316667	 2928.000000 15512.000000 388.000000 445.000000 5339.000000 475.000000
666.316667	 5204.000000 15299.000000 391.000000 470.000000 5639.000000 418.000000
669.316667	 5203.000000 15432.000000 375.000000 459.000000 5187.000000 410.000000
672.316667	 5356.000000 15678.000000 378.000000 451.000000 5127.000000 433.000000
675.316667	 3506.000000 15766.000000 389.000000 451.000000 4618.000000 426.000000
678.316667	 5328.000000 15491.000000 359.000000 424.000000 5951.000000 408.000000
681.316667	 3068.000000 15576.000000 377.000000 412.000000 7266.000000 427.000000
684.316667	 3066.000000 15605.000000 354.000000 473.000000 7359.000000 414.000000
687.316667	 3543.000000 15677.000000 376.000000 434.000000 7564.000000 404.000000
690.316667	 5641.000000 15674.000000 373.000000 434.000000 6891.000000 401.000000
693.316667	 4936.000000 16877.000000 393.000000 459.000000 7964.000000 396.000000
696.316667	 5938.000000 16729.000000 384.000000 442.000000 7445.000000 397.000000
699.316667	 3982.000000 16996.000000 403.000000 465.000000 7029.000000 394.000000
702.316667	 6094.000000 16940.000000 362.000000 431.000000 7596.000000 391.000000
705.316667	 6231.000000 17057.000000 369.000000 440.000000 7878.000000 396.000000
708.316667	 4318.000000 17198.000000 379.000000 429.000000 8275.000000 407.000000
711.316667	 3639.000000 17270.000000 399.000000 427.000000 7528.000000 447.000000
714.316667	 6472.000000 17413.000000 383.000000 421.000000 8716.000000 423.000000
717.316667	 6516.000000 17631.000000 373.000000 403.000000 8398.000000 387.000000
720.316667	 6565.000000 17309.000000 348.000000 406.000000 9413.000000 402.000000
723.316667	 6662.000000 17322.000000 342.000000 301.000000 9768.000000 402.000000
726.316667	 6959.000000 17827.000000 359.000000 440.000000 9621.000000 414.000000
729.316667	 7006.000000 17825.000000 346.000000 431.000000 10166.000000 420.000000
732.316667	 7157.000000 18036.000000 346.000000 445.000000 11194.000000 417.000000
735.316667	 7231.000000 18414.000000 383.000000 406.000000 11014.000000 409.000000
738.316667	 7316.000000 18708.000000 357.000000 446.000000 11012.000000 429.000000
740.966667	 7520.000000 19659.000000 422.000000 496.000000 11845.000000 469.000000
743.916667	 7557.000000 19663.000000 389.000000 477.000000 12264.000000 465.000000
746.916667	 7727.000000 19405.000000 388.000000 493.000000 12762.000000 451.000000
749.916667	 7882.000000 21573.000000 469.000000 503.000000 15350.000000 456.000000
752.916667	 7887.000000 21498.000000 427.000000 459.000000 15559.000000 475.000000
755.916667	 7785.000000 21817.000000 414.000000 439.000000 16339.000000 523.000000
758.916667	 8136.000000 22058.000000 367.000000 291.000000 16800.000000 548.000000
761.916667	 8026.000000 22494.000000 257.000000 437.000000 17387.000000 433.000000
764.866667	 8403.000000 22957.000000 370.000000 434.000000 18551.000000 581.000000
767.916667	 8383.000000 22613.000000 427.000000 490.000000 19315.000000 588.000000
770.916667	 4593.000000 22290.000000 405.000000 465.000000 19940.000000 496.000000
773.916667	 8545.000000 22186.000000 410.000000 438.000000 20969.000000 523.000000
776.916667	 8594.000000 22280.000000 252.000000 433.000000 21814.000000 457.000000
779.916667	 4714.000000 22571.000000 418.000000 441.000000 22885.000000 606.000000
782.916667	 4925.000000 22421.000000 526.000000 529.000000 23525.000000 490.000000
785.916667	 4862.000000 22549.000000 483.000000 526.000000 24801.000000 482.000000
788.866667	 5712.000000 22639.000000 446.000000 517.000000 26058.000000 544.000000
791.916667	 5235.000000 22824.000000 528.000000 357.000000 27084.000000 528.000000
794.916667	 5127.000000 22887.000000 493.000000 422.000000 28263.000000 569.000000
797.916667	 9527.000000 23167.000000 530.000000 340.000000 29596.000000 610.000000
800.916667	 9607.000000 23268.000000 401.000000 474.000000 30768.000000 561.000000
803.916667	 9748.000000 23292.000000 507.000000 384.000000 32067.000000 540.000000
806.916667	 5438.000000 23367.000000 505.000000 380.000000 33180.000000 514.000000
809.916667	 10213.000000 23376.000000 571.000000 341.000000 34340.000000 600.000000
812.866667	 10052.000000 23918.000000 542.000000 565.000000 35530.000000 627.000000
815.916667	 10297.000000 24581.000000 437.000000 452.000000 37277.000000 542.000000
818.950000	 6933.000000 25365.000000 495.000000 339.000000 38173.000000 623.000000
821.950000	 7528.000000 25652.000000 481.000000 540.000000 39630.000000 640.000000
824.950000	 6879.000000 25523.000000 474.000000 554.000000 41195.000000 598.000000
827.950000	 10900.000000 25460.000000 281.000000 459.000000 42497.000000 601.000000
830.950000	 7792.000000 25408.000000 547.000000 586.000000 43840.000000 636.000000
833.950000	 6564.000000 25353.000000 548.000000 570.000000 45249.000000 631.000000
836.900000	 7188.000000 25964.000000 658.000000 417.000000 46827.000000 701.000000
839.950000	 11419.000000 26182.000000 688.000000 739.000000 48489.000000 642.000000
842.950000	 11357.000000 25256.000000 616.000000 364.000000 49574.000000 576.000000
845.950000	 11460.000000 25128.000000 601.000000 604.000000 51166.000000 623.000000
848.950000	 6471.000000 24771.000000 583.000000 325.000000 52922.000000 661.000000
851.950000	 11884.000000 24479.000000 595.000000 581.000000 54185.000000 666.000000
854.950000	 6750.000000 24383.000000 619.000000 376.000000 55425.000000 682.000000
857.950000	 6529.000000 24201.000000 624.000000 356.000000 56406.000000 642.000000
860.950000	 8480.000000 25117.000000 783.000000 458.000000 57729.000000 689.000000
863.950000	 8327.000000 26079.000000 548.000000 605.000000 59094.000000 683.000000
866.950000	 8113.000000 26456.000000 634.000000 358.000000 60377.000000 650.000000
869.950000	 7026.000000 26375.000000 624.000000 399.000000 60984.000000 643.000000
872.950000	 12876.000000 26466.000000 634.000000 380.000000 61876.000000 699.000000
875.950000	 13216.000000 26485.000000 589.000000 633.000000 62737.000000 659.000000
878.950000	 9353.000000 26398.000000 617.000000 632.000000 63942.000000 702.000000
881.950000	 8354.000000 26254.000000 602.000000 660.000000 64797.000000 708.000000
884.950000	 8643.000000 26138.000000 592.000000 639.000000 65419.000000 705.000000
887.950000	 8491.000000 26085.000000 644.000000 674.000000 66121.000000 714.000000
890.950000	 13852.000000 25777.000000 715.000000 402.000000 67113.000000 747.000000
893.950000	 13633.000000 25667.000000 622.000000 670.000000 68012.000000 724.000000
896.950000	 14245.000000 25380.000000 621.000000 678.000000 68655.000000 705.000000
899.950000	 10519.000000 24717.000000 660.000000 653.000000 69452.000000 730.000000
902.950000	 8404.000000 24232.000000 679.000000 450.000000 69681.000000 738.000000
905.950000	 14755.000000 23831.000000 728.000000 691.000000 70266.000000 748.000000
908.950000	 14872.000000 23281.000000 745.000000 652.000000 70654.000000 762.000000
912.033333	 15481.000000 22269.000000 776.000000 614.000000 70337.000000 736.000000
914.950000	 15251.000000 25008.000000 692.000000 757.000000 71711.000000 792.000000
917.950000	 15138.000000 25959.000000 696.000000 731.000000 71951.000000 790.000000
920.950000	 11903.000000 26007.000000 659.000000 707.000000 71961.000000 777.000000
923.950000	 12049.000000 25992.000000 656.000000 729.000000 72280.000000 802.000000
926.950000	 16233.000000 25861.000000 744.000000 758.000000 72797.000000 830.000000
929.950000	 16614.000000 26176.000000 791.000000 520.000000 72692.000000 811.000000
932.950000	 13036.000000 26578.000000 792.000000 748.000000 72877.000000 866.000000
936.033333	 16714.000000 26457.000000 770.000000 494.000000 72921.000000 829.000000
938.950000	 16862.000000 26595.000000 748.000000 783.000000 73445.000000 848.000000
941.950000	 17001.000000 26407.000000 784.000000 775.000000 73202.000000 838.000000
944.950000	 17444.000000 26323.000000 792.000000 432.000000 73200.000000 813.000000
947.950000	 14170.000000 26063.000000 710.000000 754.000000 72847.000000 805.000000
950.950000	 17985.000000 26041.000000 758.000000 718.000000 72640.000000 807.000000
953.950000	 18128.000000 25998.000000 842.000000 453.000000 72671.000000 845.000000
956.950000	 18493.000000 25876.000000 782.000000 806.000000 72346.000000 840.000000
960.033333	 14626.000000 25325.000000 797.000000 453.000000 72126.000000 850.000000
962.950000	 14352.000000 25191.000000 786.000000 803.000000 72256.000000 880.000000
965.950000	 19656.000000 24654.000000 791.000000 528.000000 72004.000000 871.000000
968.950000	 19907.000000 24104.000000 802.000000 521.000000 71701.000000 837.000000
971.950000	 20100.000000 23136.000000 815.000000 416.000000 71598.000000 842.000000
974.950000	 20388.000000 22371.000000 823.000000 515.000000 71352.000000 838.000000
977.950000	 20370.000000 21466.000000 789.000000 845.000000 71301.000000 869.000000
