0.000000	 1495.063098 1613.839852 1515.100442 1522.339869 1385.029248 1365.808532
4.000000	 1577.148611 1697.232634 1592.279603 1621.564605 1478.698331 1445.776030
8.000000	 1703.504961 1846.012938 1760.419919 1782.469583 1667.855313 1584.810432
12.000000	 1860.297513 2002.374403 1899.158649 1917.450980 1766.980846 1733.840771
16.000000	 2044.759339 2146.416480 2042.491378 2093.552539 1868.834606 1892.867047
20.000000	 2159.125671 2335.945529 2184.905306 2268.760181 2013.430568 2047.349715
24.000000	 2471.788466 2589.914455 2485.352756 2531.571644 2253.514430 2303.609200
28.000000	 2684.841875 2897.899160 2730.672233 2758.626445 2479.047755 2528.063430
32.000000	 3027.940871 3203.988574 3085.328856 3077.754651 2802.797205 2823.397942
36.000000	 3372.884485 3506.287407 3399.558299 3426.382102 3110.177300 3114.188847
45.016667	 4210.341174 4410.340971 4209.939493 4386.448467 3949.561408 3813.904462
49.016667	 4618.924119 4846.257784 4590.322503 4694.849673 4216.018118 4101.060481
53.016667	 5146.484940 5339.033311 5216.024989 5260.698844 4744.384496 4629.936439
57.016667	 5697.103491 5942.683332 5748.928723 5827.441931 5225.461628 5154.268790
61.016667	 6284.614406 6480.945832 6358.092818 6446.926094 5790.204348 5658.609265
65.016667	 6843.533738 7139.559277 6802.791795 7074.455505 6331.302446 6109.335168
69.016667	 7548.177913 7604.853092 7329.263932 7692.151835 6795.100815 6659.111723
73.016667	 8407.000000 8271.000000 8085.000000 8538.000000 7536.000000 7365.000000
77.016667	 9420.000000 9138.000000 9070.000000 9612.000000 8554.000000 8227.000000
81.016667	 10284.000000 9977.000000 10167.000000 10671.000000 9374.000000 9057.000000
85.016667	 11247.000000 10733.000000 10975.000000 11691.000000 10295.000000 9875.000000
89.016667	 12281.000000 11657.000000 11868.000000 12754.000000 11115.000000 10669.000000
93.016667	 13300.000000 12724.000000 12808.000000 13807.000000 12029.000000 11598.000000
97.016667	 14421.000000 13901.000000 13980.000000 15046.000000 13092.000000 12579.000000
101.016667	 15721.000000 15256.000000 15265.000000 16542.000000 14322.000000 13821.000000
105.016667	 17011.000000 16423.000000 16578.000000 17890.000000 15677.000000 15006.000000
109.016667	 18326.000000 17641.000000 17763.000000 19277.000000 16911.000000 16117.000000
113.016667	 19785.000000 18937.000000 19046.000000 20746.000000 18135.000000 17388.000000
117.016667	 21202.000000 20438.000000 20433.000000 22146.000000 19560.000000 18736.000000
121.016667	 22551.000000 21896.000000 21968.000000 23667.000000 20940.000000 20176.000000
125.016667	 23978.000000 23397.000000 23428.000000 25411.000000 22479.000000 21671.000000
129.016667	 25356.000000 24820.000000 24871.000000 27127.000000 23979.000000 23227.000000
133.016667	 26872.000000 26320.000000 26310.000000 28759.000000 25606.000000 24623.000000
137.016667	 28436.000000 27857.000000 27768.000000 30182.000000 27076.000000 26095.000000
141.016667	 29705.000000 29156.000000 29150.000000 31583.000000 28197.000000 27416.000000
145.016667	 30905.000000 30605.000000 30457.000000 32899.000000 29568.000000 28979.000000
149.016667	 32335.000000 31892.000000 31834.000000 34336.000000 30993.000000 30451.000000
153.016667	 33626.000000 33368.000000 33239.000000 35858.000000 32580.000000 31988.000000
157.016667	 34969.000000 34768.000000 34645.000000 37258.000000 33727.000000 33367.000000
161.016667	 36202.000000 36015.000000 36059.000000 38644.000000 35235.000000 34792.000000
165.016667	 37796.000000 37501.000000 37231.000000 39919.000000 36557.000000 36067.000000
169.016667	 38976.000000 38706.000000 38529.000000 41103.000000 37710.000000 37421.000000
173.016667	 40468.000000 40257.000000 39530.000000 42447.000000 39199.000000 39073.000000
176.833333	 41698.000000 41270.000000 40780.000000 43566.000000 40371.000000 39742.000000
180.833333	 42091.000000 41862.000000 41266.000000 43982.000000 41377.000000 40119.000000
184.833333	 43267.000000 42895.000000 42128.000000 44926.000000 42440.000000 41307.000000
188.833333	 44880.000000 44594.000000 43073.000000 46384.000000 43472.000000 42957.000000
192.833333	 44970.000000 44890.000000 43035.000000 46455.000000 43814.000000 42943.000000
196.833333	 46234.000000 45860.000000 43873.000000 47379.000000 44402.000000 43697.000000
200.833333	 46866.000000 46468.000000 44626.000000 48154.000000 45214.000000 44321.000000
204.833333	 47586.000000 47178.000000 45160.000000 48504.000000 45928.000000 44859.000000
208.833333	 48311.000000 47764.000000 45533.000000 49152.000000 46606.000000 45411.000000
212.833333	 48681.000000 48647.000000 46000.000000 49278.000000 47352.000000 45644.000000
216.833333	 49962.000000 50042.000000 47125.000000 50533.000000 48573.000000 47498.000000
220.833333	 50790.000000 50584.000000 47640.000000 51248.000000 49329.000000 48107.000000
224.833333	 50728.000000 50838.000000 47762.000000 51330.000000 49559.000000 48228.000000
228.833333	 51255.000000 51206.000000 48045.000000 51770.000000 50100.000000 48612.000000
232.833333	 51772.000000 51693.000000 48369.000000 51956.000000 50299.000000 49027.000000
236.833333	 51743.000000 52007.000000 48596.000000 52085.000000 50517.000000 49089.000000
240.833333	 52055.000000 52519.000000 48882.000000 52393.000000 51024.000000 49559.000000
244.833333	 52142.000000 52452.000000 49090.000000 52571.000000 51138.000000 49709.000000
248.833333	 53813.000000 53117.000000 51296.000000 53650.000000 52262.000000 50835.000000
252.833333	 53812.000000 53377.000000 51113.000000 53995.000000 52356.000000 51434.000000
256.833333	 53938.000000 53543.000000 50709.000000 54039.000000 52376.000000 51490.000000
260.833333	 53615.000000 53709.000000 50814.000000 54004.000000 52553.000000 51475.000000
264.833333	 53236.000000 54388.000000 50340.000000 54551.000000 53172.000000 51369.000000
268.833333	 53295.000000 54312.000000 49862.000000 54315.000000 52984.000000 51457.000000
272.833333	 53068.000000 54128.000000 50285.000000 54188.000000 53104.000000 51328.000000
276.833333	 52873.000000 54182.000000 50014.000000 54146.000000 52868.000000 51065.000000
280.833333	 52735.000000 54214.000000 49855.000000 53981.000000 52926.000000 50857.000000
284.833333	 52868.000000 53823.000000 50207.000000 54100.000000 53020.000000 51169.000000
288.833333	 52728.000000 53934.000000 50156.000000 54068.000000 52919.000000 51064.000000
292.833333	 52787.000000 53852.000000 50007.000000 54035.000000 52922.000000 51017.000000
296.833333	 52953.000000 53796.000000 49648.000000 53964.000000 52995.000000 50825.000000
300.833333	 52627.000000 53662.000000 49596.000000 53833.000000 52926.000000 50772.000000
304.833333	 52618.000000 53415.000000 49602.000000 53551.000000 52723.000000 50739.000000
308.833333	 52594.000000 53118.000000 49333.000000 53545.000000 52335.000000 50555.000000
312.833333	 55281.000000 54802.000000 52524.000000 54841.000000 54075.000000 52497.000000
316.833333	 55181.000000 55038.000000 52214.000000 55071.000000 54365.000000 52937.000000
320.833333	 55194.000000 54967.000000 52271.000000 54930.000000 54149.000000 52941.000000
324.833333	 55021.000000 54934.000000 51846.000000 54658.000000 54036.000000 52657.000000
328.833333	 54912.000000 54593.000000 52413.000000 54637.000000 54042.000000 52865.000000
332.833333	 54655.000000 54455.000000 51852.000000 54707.000000 53562.000000 52474.000000
336.833333	 54667.000000 54377.000000 51793.000000 54270.000000 53501.000000 52331.000000
340.833333	 54274.000000 53890.000000 51246.000000 54031.000000 53282.000000 52078.000000
344.833333	 54049.000000 54049.000000 51092.000000 53679.000000 52803.000000 51942.000000
348.833333	 53982.000000 53391.000000 50897.000000 53364.000000 52552.000000 51657.000000
352.833333	 53194.000000 52793.000000 50187.000000 53185.000000 52433.000000 50925.000000
356.833333	 52738.000000 52411.000000 49764.000000 52369.000000 52091.000000 50687.000000
360.833333	 52339.000000 51631.000000 49717.000000 52236.000000 51608.000000 50194.000000
364.833333	 51743.000000 51099.000000 48993.000000 51201.000000 50978.000000 49295.000000
368.833333	 51250.000000 50528.000000 48262.000000 50806.000000 50105.000000 48605.000000
372.833333	 50444.000000 49869.000000 47741.000000 49680.000000 49241.000000 47749.000000
376.833333	 49583.000000 48937.000000 47003.000000 48882.000000 48740.000000 47087.000000
380.833333	 48732.000000 48036.000000 46168.000000 48327.000000 47706.000000 46260.000000
384.833333	 48101.000000 47455.000000 45460.000000 47352.000000 46996.000000 45604.000000
388.833333	 47627.000000 46788.000000 44778.000000 46573.000000 46221.000000 44908.000000
392.833333	 47044.000000 46289.000000 44098.000000 45639.000000 45845.000000 44290.000000
396.833333	 46664.000000 45592.000000 43557.000000 45220.000000 45262.000000 43636.000000
400.833333	 46301.000000 45200.000000 43009.000000 44797.000000 44538.000000 43296.000000
404.833333	 46014.000000 44674.000000 42960.000000 44232.000000 44218.000000 42460.000000
408.833333	 45644.000000 44211.000000 42379.000000 43748.000000 43544.000000 42024.000000
412.833333	 45067.000000 43795.000000 41955.000000 43373.000000 43308.000000 41472.000000
416.833333	 44898.000000 43333.000000 41504.000000 42757.000000 42756.000000 41007.000000
420.833333	 44407.000000 42994.000000 41099.000000 42057.000000 42502.000000 40752.000000
424.833333	 44187.000000 42495.000000 40872.000000 41508.000000 42197.000000 40292.000000
428.833333	 44047.000000 42390.000000 40520.000000 41122.000000 41908.000000 39918.000000
432.833333	 44055.000000 41920.000000 40365.000000 40886.000000 41751.000000 39853.000000
436.833333	 43826.000000 41811.000000 39870.000000 40722.000000 41461.000000 39432.000000
440.833333	 43913.000000 41742.000000 39826.000000 40242.000000 41308.000000 39173.000000
444.833333	 43601.000000 41258.000000 39835.000000 39885.000000 41094.000000 38980.000000
448.833333	 43524.000000 41056.000000 39558.000000 39505.000000 40849.000000 38822.000000
452.833333	 43284.000000 41061.000000 39424.000000 39338.000000 40428.000000 38791.000000
456.833333	 43341.000000 40737.000000 39057.000000 39282.000000 40277.000000 38493.000000
460.833333	 42589.000000 40410.000000 38619.000000 39003.000000 40214.000000 37915.000000
464.833333	 45956.000000 43433.000000 41190.000000 41126.000000 43023.000000 40361.000000
468.833333	 47430.000000 44574.000000 42253.000000 42161.000000 44195.000000 41595.000000
472.833333	 47714.000000 45483.000000 43214.000000 43111.000000 45144.000000 42554.000000
476.833333	 48560.000000 46405.000000 44161.000000 44010.000000 45963.000000 43581.000000
480.833333	 48622.000000 47078.000000 44490.000000 44491.000000 46290.000000 43957.000000
484.833333	 48886.000000 47569.000000 45155.000000 45094.000000 47115.000000 44547.000000
488.833333	 49018.000000 47652.000000 45483.000000 45564.000000 47655.000000 44728.000000
492.833333	 49500.000000 48176.000000 46204.000000 46040.000000 47201.000000 45772.000000
496.833333	 49719.000000 48407.000000 46701.000000 46512.000000 47852.000000 46424.000000
500.833333	 49752.000000 49026.000000 47294.000000 47006.000000 48035.000000 46847.000000
504.833333	 49944.000000 49135.000000 47440.000000 47509.000000 48699.000000 47116.000000
508.833333	 49632.000000 49129.000000 47435.000000 47328.000000 48458.000000 47560.000000
510.316667	 50001.000000 49542.000000 48746.000000 48046.000000 49119.000000 47556.000000
513.316667	 49730.000000 49137.000000 48324.000000 47807.000000 48614.000000 47689.000000
516.316667	 49572.000000 48616.000000 48207.000000 47752.000000 48482.000000 47112.000000
519.316667	 49303.000000 48372.000000 47906.000000 47269.000000 48403.000000 46955.000000
522.316667	 48911.000000 47881.000000 47313.000000 46845.000000 47744.000000 46221.000000
525.316667	 48254.000000 47065.000000 46933.000000 46458.000000 47180.000000 46270.000000
528.316667	 49729.000000 49578.000000 49063.000000 48123.000000 49326.000000 48179.000000
531.316667	 51732.000000 51152.000000 50439.000000 49556.000000 50744.000000 49213.000000
534.316667	 52134.000000 51420.000000 51056.000000 49968.000000 51200.000000 49771.000000
537.316667	 52772.000000 51462.000000 51010.000000 49881.000000 51018.000000 49804.000000
540.316667	 52191.000000 51668.000000 51074.000000 50277.000000 50790.000000 49693.000000
543.316667	 52274.000000 51261.000000 50550.000000 49781.000000 51013.000000 49846.000000
546.316667	 51783.000000 51214.000000 50499.000000 49741.000000 51061.000000 49622.000000
549.316667	 51469.000000 51001.000000 50332.000000 49759.000000 50768.000000 49352.000000
552.316667	 51415.000000 49963.000000 49482.000000 49311.000000 50017.000000 48995.000000
555.316667	 50636.000000 50038.000000 49027.000000 49127.000000 50115.000000 48876.000000
558.316667	 50223.000000 49468.000000 48597.000000 49077.000000 49614.000000 48621.000000
561.316667	 49433.000000 49048.000000 47939.000000 48242.000000 49285.000000 47979.000000
564.316667	 49385.000000 48387.000000 47660.000000 48178.000000 48793.000000 47642.000000
567.316667	 48639.000000 48100.000000 47257.000000 47548.000000 48065.000000 47111.000000
570.316667	 47840.000000 47662.000000 46729.000000 46426.000000 47459.000000 45978.000000
573.316667	 47162.000000 46652.000000 45869.000000 45634.000000 46420.000000 45050.000000
576.316667	 49341.000000 47732.000000 46666.000000 45863.000000 47354.000000 45318.000000
579.316667	 51239.000000 49953.000000 49306.000000 47204.000000 49880.000000 47466.000000
582.316667	 52374.000000 50561.000000 50062.000000 48235.000000 50442.000000 48651.000000
585.316667	 53121.000000 51200.000000 50825.000000 48772.000000 51308.000000 49248.000000
588.316667	 53417.000000 51517.000000 51071.000000 49239.000000 51573.000000 49471.000000
591.316667	 53402.000000 51831.000000 51173.000000 49210.000000 51845.000000 49706.000000
594.316667	 53562.000000 52130.000000 51282.000000 49530.000000 51815.000000 49915.000000
597.316667	 53419.000000 52070.000000 51378.000000 49206.000000 51856.000000 50052.000000
600.316667	 53340.000000 51782.000000 51070.000000 49674.000000 51780.000000 49904.000000
603.316667	 52925.000000 51477.000000 50954.000000 49223.000000 51535.000000 49682.000000
606.316667	 52458.000000 51261.000000 50787.000000 49058.000000 51417.000000 49468.000000
609.316667	 52438.000000 50907.000000 50660.000000 48796.000000 50853.000000 49092.000000
612.316667	 51774.000000 50450.000000 50460.000000 48577.000000 50575.000000 48956.000000
615.316667	 51294.000000 49926.000000 50202.000000 48507.000000 50705.000000 48732.000000
618.316667	 50911.000000 49560.000000 50070.000000 48029.000000 50364.000000 48031.000000
621.316667	 50417.000000 48797.000000 49640.000000 47744.000000 49870.000000 47564.000000
624.316667	 49863.000000 48450.000000 48958.000000 46969.000000 49316.000000 46888.000000
627.316667	 49329.000000 47470.000000 48486.000000 45755.000000 48364.000000 46119.000000
630.316667	 48077.000000 46342.000000 47210.000000 44897.000000 47525.000000 44874.000000
633.316667	 46944.000000 45083.000000 46046.000000 43490.000000 46326.000000 43580.000000
636.316667	 45560.000000 43905.000000 44807.000000 42013.000000 44901.000000 42204.000000
639.316667	 44398.000000 42749.000000 43684.000000 40853.000000 44021.000000 41127.000000
642.316667	 43364.000000 41609.000000 42415.000000 39753.000000 42896.000000 40192.000000
645.316667	 41014.000000 39372.000000 40328.000000 37237.000000 40469.000000 38092.000000
648.316667	 45221.000000 43380.000000 43174.000000 40327.000000 43815.000000 40898.000000
651.316667	 46200.000000 44173.000000 43722.000000 40729.000000 44312.000000 41514.000000
654.316667	 47103.000000 45028.000000 44337.000000 41211.000000 45120.000000 41934.000000
657.316667	 47207.000000 45293.000000 44795.000000 41826.000000 45476.000000 42376.000000
660.316667	 47463.000000 45221.000000 44889.000000 41780.000000 45337.000000 42324.000000
663.316667	 47571.000000 45239.000000 45020.000000 41946.000000 45658.000000 42516.000000
666.316667	 47327.000000 45134.000000 44838.000000 41815.000000 44964.000000 42377.000000
669.316667	 47183.000000 44796.000000 44560.000000 41774.000000 45158.000000 42301.000000
672.316667	 47129.000000 44807.000000 44496.000000 41533.000000 44939.000000 42127.000000
675.316667	 46699.000000 44343.000000 44478.000000 41428.000000 44435.000000 42092.000000
678.316667	 45601.000000 43618.000000 44111.000000 41277.000000 43961.000000 41920.000000
681.316667	 45389.000000 42736.000000 43608.000000 40761.000000 43554.000000 41583.000000
684.316667	 44995.000000 42092.000000 43105.000000 40179.000000 42966.000000 41179.000000
687.316667	 44221.000000 41210.000000 42642.000000 39564.000000 42361.000000 40518.000000
690.316667	 43579.000000 40386.000000 42054.000000 38807.000000 41313.000000 39855.000000
693.316667	 43552.000000 40792.000000 41568.000000 33293.000000 41350.000000 39539.000000
696.316667	 46025.000000 42817.000000 44182.000000 35464.000000 43246.000000 41552.000000
699.316667	 47438.000000 43693.000000 44975.000000 36463.000000 44191.000000 42610.000000
702.316667	 47754.000000 44584.000000 45996.000000 37194.000000 44945.000000 43582.000000
705.316667	 48236.000000 44656.000000 46366.000000 37996.000000 45472.000000 44074.000000
708.316667	 48750.000000 45234.000000 46875.000000 38513.000000 46016.000000 44566.000000
711.316667	 48798.000000 45435.000000 47085.000000 38784.000000 46068.000000 44985.000000
714.316667	 48659.000000 45330.000000 47385.000000 39174.000000 46080.000000 45233.000000
717.316667	 48304.000000 44904.000000 46965.000000 39321.000000 45821.000000 44870.000000
720.316667	 47254.000000 44071.000000 46559.000000 38937.000000 45251.000000 44151.000000
723.316667	 46824.000000 43275.000000 46055.000000 38621.000000 44699.000000 43842.000000
726.316667	 46863.000000 42784.000000 45292.000000 38072.000000 44279.000000 43207.000000
729.316667	 45859.000000 41818.000000 44152.000000 37381.000000 43756.000000 42973.000000
732.316667	 45369.000000 40408.000000 43222.000000 36971.000000 42831.000000 42002.000000
735.316667	 44071.000000 39612.000000 42102.000000 36082.000000 42025.000000 41288.000000
738.316667	 43094.000000 38700.000000 40822.000000 35124.000000 41071.000000 40142.000000
740.966667	 42471.000000 38199.000000 40320.000000 34848.000000 40391.000000 39715.000000
743.916667	 41377.000000 36822.000000 38979.000000 33519.000000 39234.000000 38310.000000
746.916667	 40306.000000 35869.000000 38182.000000 32697.000000 38009.000000 37217.000000
749.916667	 41742.000000 36881.000000 37367.000000 32791.000000 38238.000000 37129.000000
752.916667	 43528.000000 38443.000000 38683.000000 34275.000000 39492.000000 38445.000000
755.916667	 44474.000000 39122.000000 39291.000000 35060.000000 40331.000000 39023.000000
758.916667	 45433.000000 39802.000000 40090.000000 35581.000000 41213.000000 39683.000000
761.916667	 45480.000000 40157.000000 40627.000000 35859.000000 41635.000000 40378.000000
764.866667	 46022.000000 40685.000000 41206.000000 36454.000000 42007.000000 40572.000000
767.916667	 45986.000000 40781.000000 41497.000000 36627.000000 42543.000000 41039.000000
770.916667	 46292.000000 41013.000000 41594.000000 36934.000000 42476.000000 41018.000000
773.916667	 46289.000000 41299.000000 41876.000000 37232.000000 42720.000000 41256.000000
776.916667	 46148.000000 41272.000000 42087.000000 37563.000000 42534.000000 41260.000000
779.916667	 46148.000000 41168.000000 42211.000000 37378.000000 42787.000000 41287.000000
782.916667	 45860.000000 41086.000000 42252.000000 37408.000000 42588.000000 41190.000000
785.916667	 45686.000000 40850.000000 42337.000000 37515.000000 42500.000000 41056.000000
788.866667	 45109.000000 40508.000000 42434.000000 37512.000000 42272.000000 41198.000000
791.916667	 44842.000000 40031.000000 42133.000000 37144.000000 41903.000000 41079.000000
794.916667	 44462.000000 39207.000000 41494.000000 36705.000000 41571.000000 40375.000000
797.916667	 43686.000000 38066.000000 40334.000000 35950.000000 40636.000000 39574.000000
800.916667	 42456.000000 36717.000000 39416.000000 34986.000000 39410.000000 38461.000000
803.916667	 40999.000000 35494.000000 38239.000000 33664.000000 38323.000000 37128.000000
806.916667	 39946.000000 34420.000000 37130.000000 32656.000000 37040.000000 35765.000000
809.916667	 38597.000000 33057.000000 35969.000000 31427.000000 35776.000000 34405.000000
812.866667	 37555.000000 32227.000000 34777.000000 30467.000000 34638.000000 33349.000000
815.916667	 38358.000000 32277.000000 33907.000000 30780.000000 34533.000000 32137.000000
818.950000	 39697.000000 33375.000000 35053.000000 32037.000000 35573.000000 33159.000000
821.950000	 40441.000000 34100.000000 35679.000000 32998.000000 36511.000000 33859.000000
824.950000	 41037.000000 34583.000000 36297.000000 33358.000000 37080.000000 34358.000000
827.950000	 40810.000000 34988.000000 37146.000000 33548.000000 37251.000000 34845.000000
830.950000	 41108.000000 35544.000000 37490.000000 34128.000000 37768.000000 35182.000000
833.950000	 41142.000000 35853.000000 37995.000000 34216.000000 38207.000000 35764.000000
836.900000	 41159.000000 36221.000000 38204.000000 34369.000000 37838.000000 35646.000000
839.950000	 41264.000000 35953.000000 38227.000000 34505.000000 38064.000000 35996.000000
842.950000	 40639.000000 35415.000000 38034.000000 33976.000000 37703.000000 35608.000000
845.950000	 40027.000000 35087.000000 37820.000000 33371.000000 37311.000000 35149.000000
848.950000	 39461.000000 34349.000000 37272.000000 32848.000000 36715.000000 34848.000000
851.950000	 38696.000000 33467.000000 36712.000000 32084.000000 36049.000000 34051.000000
854.950000	 37706.000000 32528.000000 36007.000000 31411.000000 35145.000000 33485.000000
857.950000	 36339.000000 31527.000000 34909.000000 30593.000000 34246.000000 32612.000000
860.950000	 35775.000000 30901.000000 33442.000000 29534.000000 33293.000000 31152.000000
863.950000	 36986.000000 32088.000000 34982.000000 30898.000000 34326.000000 32453.000000
866.950000	 38169.000000 32812.000000 35759.000000 31879.000000 35011.000000 33122.000000
869.950000	 38989.000000 33466.000000 36683.000000 32572.000000 35813.000000 34049.000000
872.950000	 39662.000000 34142.000000 37264.000000 33432.000000 36610.000000 34747.000000
875.950000	 40197.000000 34868.000000 38203.000000 33961.000000 37372.000000 35491.000000
878.950000	 40684.000000 35199.000000 38591.000000 34481.000000 37738.000000 35988.000000
881.950000	 40667.000000 35325.000000 38690.000000 34723.000000 37971.000000 36313.000000
884.950000	 40342.000000 35303.000000 38629.000000 34576.000000 37971.000000 36224.000000
887.950000	 39975.000000 34942.000000 38245.000000 34428.000000 37662.000000 35993.000000
890.950000	 39243.000000 34597.000000 37560.000000 33959.000000 37150.000000 35490.000000
893.950000	 38388.000000 33846.000000 36822.000000 33287.000000 36367.000000 34797.000000
896.950000	 37242.000000 32846.000000 35762.000000 32531.000000 35428.000000 33812.000000
899.950000	 36298.000000 31631.000000 34485.000000 31304.000000 34513.000000 32610.000000
902.950000	 33389.000000 30675.000000 33259.000000 30172.000000 33294.000000 31404.000000
905.950000	 32151.000000 29514.000000 31978.000000 29336.000000 32122.000000 30084.000000
908.950000	 31197.000000 28408.000000 30877.000000 28245.000000 30829.000000 28804.000000
912.033333	 31163.000000 27312.000000 28762.000000 27060.000000 29408.000000 24702.000000
914.950000	 31895.000000 28668.000000 29897.000000 28626.000000 30341.000000 25659.000000
917.950000	 32618.000000 29400.000000 30533.000000 29397.000000 30899.000000 26467.000000
920.950000	 33018.000000 30005.000000 31137.000000 29936.000000 31598.000000 26939.000000
923.950000	 33571.000000 30555.000000 31648.000000 30556.000000 32139.000000 27489.000000
926.950000	 34409.000000 31385.000000 32557.000000 31366.000000 32999.000000 28255.000000
929.950000	 34988.000000 32041.000000 33336.000000 31955.000000 33605.000000 28979.000000
932.950000	 35055.000000 32655.000000 33835.000000 32317.000000 33856.000000 29231.000000
936.033333	 35454.000000 32885.000000 34103.000000 31110.000000 34371.000000 29432.000000
938.950000	 35400.000000 32892.000000 34198.000000 31133.000000 34643.000000 29732.000000
941.950000	 35302.000000 32778.000000 34146.000000 31062.000000 34415.000000 29738.000000
944.950000	 35120.000000 32650.000000 34169.000000 30758.000000 34216.000000 29820.000000
947.950000	 34893.000000 32220.000000 33896.000000 30675.000000 34107.000000 29816.000000
950.950000	 34424.000000 31739.000000 33579.000000 30439.000000 33589.000000 29592.000000
953.950000	 33285.000000 30993.000000 32780.000000 29850.000000 32972.000000 28941.000000
956.950000	 32580.000000 30103.000000 32009.000000 28952.000000 32105.000000 28096.000000
960.033333	 31291.000000 28949.000000 30839.000000 28016.000000 31107.000000 27081.000000
962.950000	 30438.000000 27903.000000 29928.000000 27115.000000 30105.000000 26306.000000
965.950000	 29221.000000 26908.000000 28733.000000 26378.000000 28995.000000 25311.000000
968.950000	 28405.000000 25919.000000 27696.000000 25399.000000 27752.000000 24393.000000
971.950000	 27609.000000 25019.000000 26845.000000 24645.000000 26842.000000 23545.000000
974.950000	 25493.000000 24399.000000 26084.000000 23981.000000 25987.000000 23041.000000
977.950000	 25099.000000 23654.000000 25358.000000 23477.000000 25255.000000 22409.000000
