0	1728.061086	1570.795968	1642.912077	1707.302012	1730.947277	1546.778999
3	1531.416885	1589.891268	1639.604755	1739.579363	1730.947277	1554.117434
6	1580.377278	1644.686477	1678.465786	1786.296582	1763.541923	1576.94812
9	1650.206035	1687.858459	1737.997577	1845.754861	1821.869185	1637.286363
12	1710.40324	1762.579197	1804.144012	1923.900028	1863.899124	1704.96304
15	1765.784668	1819.865097	1857.06116	1968.918439	1968.545094	1761.224374
18	1826.784502	1919.492748	1969.510099	2092.082017	2026.014602	1830.531815
21	1890.994853	1984.250721	2065.42243	2165.13076	2155.535434	1906.362309
24	1980.086716	2066.443534	2148.932304	2257.715794	2237.02205	1995.238909
27	2049.915473	2201.771093	2249.805617	2353.698445	2297.922574	2052.315625
30	2134.994189	2249.924458	2297.761783	2452.229307	2364.827375	2133.038409
33	2185.559841	2313.021971	2370.522861	2517.633414	2421.439129	2180.330545
36	2240.13864	2371.1381	2430.054653	2567.748249	2502.067991	2239.038024
39	2290.704292	2440.047226	2458.166887	2627.206528	2583.554607	2295.299358
42	2353.309384	2506.46566	2536.715779	2706.201099	2653.890423	2377.652905
45	2420.730254	2573.714325	2627.667127	2763.111166	2712.217685	2415.160461
48	2491.36164	2659.228059	2692.159901	2867.587856	2774.833717	2475.498704
51	2547.545698	2701.569811	2795.513705	2955.076467	2870.044394	2566.821449
57	2747.400417	2934.864561	2992.299349	3134.300708	3097.349166	2768.220718
60	2817.229174	3021.208525	3085.731189	3253.217266	3201.995136	2879.928004
63	2895.886855	3139.931476	3180.816689	3310.976737	3262.037906	2937.00472
66	2952.070913	3213.821984	3268.460715	3407.808791	3380.407937	3038.112045
69	3040.360146	3366.584383	3380.082824	3542.014621	3451.601507	3130.250172
72	3119.017827	3405.605213	3466.073189	3637.997271	3594.846401	3243.588222
75	3186.438696	3498.591021	3597.539229	3743.323366	3631.729816	3315.341808
78.25	3295	3621	3750	3841	3727	3436
81.25	3428	3754	3900	3916	3866	3587
84.25	3487	3813	3971	4029	3984	3650
87.25	3578	3900	4063	4138	4042	3757
90.25	3668	3983	4174	4193	4133	3874
93.25	3786	4127	4324	4329	4292	3990
96.25	3893	4294	4445	4491	4426	4133
99.25	4055	4454	4626	4612	4610	4278
102.25	4205	4649	4760	4782	4734	4500
105.25	4356	4842	4982	4996	4912	4647
108.25	4522	5014	5086	5185	5132	4836
111.25	4740	5193	5310	5386	5308	4967
114.25	4841	5322	5411	5519	5425	5115
117	5021	5396	5471	5608	5579	5224
120	5285	5604	5678	5920	5885	5465
123	5412	5816	5812	6080	6084	5647
126	5604	6005	5963	6206	6276	5778
129	5682	6203	6148	6431	6441	5917
132	5844	6348	6332	6565	6535	6101
135	5981	6467	6512	6768	6688	6245
138	6106	6663	6682	6923	6886	6355
141	6349	6804	6886	7022	7059	6515
144	6483	7004	7022	7212	7213	6670
147	6699	7177	7221	7439	7376	6850
150	6846	7314	7363	7573	7580	7060
153	6973	7524	7564	7716	7797	7224
156	7199	7734	7845	7968	8043	7384
159	7425	8019	8053	8168	8207	7593
162	7577	8297	8272	8458	8499	7876
165	7807	8553	8549	8729	8742	8116
168	8255	8841	8906	8989	9186	8503
171	8445	9237	9196	9324	9508	8782
174	8733	9548	9497	9570	9851	9144
177	9031	9940	9931	9956	10148	9490
180	9352	10269	10252	10258	10520	9772
183	9667	10565	10567	10617	10919	9938
186	9935	10987	10942	10957	11242	10264
189	10197	11304	11173	11335	11553	10610
192	10510	11511	11573	11517	11857	10853
195	10717	11921	11816	11865	12107	11180
198	10978	12173	12065	12086	12348	11411
201	11242	12507	12449	12385	12618	11736
204	11538	12881	12760	12761	13083	12005
207	11764	13176	13042	13036	13441	12336
210	12102	13411	13336	13273	13648	12534
213	12244	13777	13570	13613	13918	12920
216	12544	14029	14027	13886	14298	13288
219	12788	14380	14379	14284	14666	13516
222	13002	14657	14626	14639	14961	13786
225	13279	14927	15003	14978	15294	14065
228	13544	15403	15328	15328	15615	14386
231	13860	15720	15680	15712	15901	14627
234	14153	16068	16009	15999	16166	15078
237	14756	16768	16733	16718	17000	15559
240	15179	17371	17451	17338	17697	16233
243	15739	18036	18000	17887	18355	16707
246	16300	18707	18562	18503	18962	17360
249	16667	19287	19011	19130	19456	17924
252	17132	19877	19593	19696	19960	18576
255	17796	20409	20076	20241	20643	18924
258	18106	20956	20520	20822	21000	19419
261	18527	21457	21118	21158	21688	19861
264	19030	21994	21655	21861	22178	20442
267	19505	22480	22112	22358	22769	20864
270	20206	23115	22661	22657	23145	21418
273	20465	23856	23311	23460	23712	21991
276	21163	24200	23718	24019	24317	22536
279	21606	25013	24496	24581	25109	23026
282	22223	25567	24879	25183	25524	23571
285	22610	26236	25414	25756	26230	24040
288	23823	27285	26496	26713	27212	25335
291	24531	28248	27483	27780	28264	26085
294	25398	29126	28339	28709	28992	27074
297	25889	29887	28977	29417	29706	27665
300	26965	30700	29584	30163	30731	28551
303	27585	31589	30431	30892	31496	29441
306	28248	32299	31009	31750	32329	30102
309	28873	33084	31614	32735	33012	31151
312	29518	33838	32387	33237	33734	31307
315	29870	34592	33051	34132	34715	32133
318	30800	35388	33629	35006	35403	32929
321	31527	36092	34443	35857	36276	33781
324	32114	37040	35179	36550	36956	34804
327	32876	37729	35778	37333	37607	35279
330	33261	38229	36593	37899	38474	36013
333	34244	39093	36957	38930	38980	36684
336	35464	40704	38434	39800	40578	37907
339	36593	41781	39780	41216	41688	39319
342	38129	42982	40855	42523	43280	40539
345	38715	43488	41843	43318	43867	41380
348	39701	44211	42722	44138	44218	42264
351	40300	44514	43199	44389	45141	42770
354	41099	45110	43728	45247	45883	43922
357	41805	45814	44592	45755	46439	44601
360	42797	46580	45305	46506	47101	45395
363	43534	47224	45735	47371	47444	45735
366	44455	47536	46316	47838	48238	46280
369	44918	48435	46833	48470	48601	47186
372	45538	48980	47708	48958	49160	47684
375	46100	49577	47931	49585	49808	48084
378	46992	49946	48645	49772	50123	48942
381	47283	50347	48801	50276	50774	49057
384	48396	50563	49385	50733	50724	49852
387	48332	50999	49886	51196	51199	49976
390	48818	51330	49880	51007	51600	50189
393	49474	51414	50304	51885	51812	50608
396	49864	51737	50671	51912	51646	50646
399	50190	51955	50884	51530	51786	50611
402	50421	51480	50885	51769	51916	50751