0	1677.62908	1512.808449	1454.546543	1539.157734	1488.34141	1554.527313
3	1476.375042	1522.080002	1401.349199	1543.689111	1503.661445	1581.033797
6	1533.217786	1583.890358	1456.004004	1585.981963	1560.345574	1624.691535
9	1563.943593	1628.702866	1516.488655	1647.910783	1609.369687	1704.210986
12	1641.526256	1697.466886	1553.653922	1727.96511	1679.841848	1782.171232
15	1709.123033	1746.142541	1601.02142	1774.78934	1745.717999	1837.523007
18	1778.256099	1847.356998	1704.501184	1884.297618	1806.232138	1942.76934
21	1836.635133	1919.984166	1754.783605	1945.471208	1879.768306	1992.663898
24	1904.231909	2007.291293	1826.927947	2010.420946	1957.900485	2067.505734
27	1979.510137	2055.194318	1909.27452	2089.720044	2021.478631	2171.972464
30	2027.903284	2132.457262	1980.690132	2172.795289	2112.63284	2256.16953
33	2090.891189	2215.901242	2028.78636	2221.129978	2157.826943	2291.251641
36	2158.487965	2274.62108	2071.052743	2297.408158	2181.572998	2348.162621
39	2201.504095	2335.658806	2108.21801	2347.253305	2252.811161	2426.122867
42	2248.360951	2397.469161	2183.277275	2422.021027	2311.027294	2473.678618
45	2299.058533	2497.138359	2243.033196	2477.152781	2363.115413	2549.300057
48	2369.72789	2582.900228	2286.028309	2591.947665	2435.119578	2618.684676
51	2445.774263	2633.121141	2358.172651	2662.939239	2510.18775	2674.816053
57	2607.084752	2830.914279	2555.65868	2875.15873	2712.412214	2855.683825
60	2703.1029	2915.130888	2627.074292	2923.493419	2782.118373	2955.47294
63	2789.13516	2996.256979	2687.558943	3030.736009	2847.228523	3038.110802
66	2869.022259	3025.616898	2744.39994	3075.294549	2894.720631	3118.409855
69	2901.284357	3038.751599	2777.921553	3099.461894	2942.21274	3152.712364
72	2932.778309	3069.656777	2793.95363	3137.978598	2987.406844	3153.491966
75	2944.300487	3116.014543	2811.443167	3171.208697	3008.088891	3187.794475
78.25	3002	3185	2861	3232	3048	3234
81.25	3097	3266	2935	3311	3101	3285
84.25	3129	3296	2973	3335	3087	3300
87.25	3138	3321	2985	3351	3099	3339
90.25	3135	3323	2973	3375	3104	3330
93.25	3172	3347	2996	3396	3144	3348
96.25	3200	3383	3024	3423	3178	3387
99.25	3215	3392	3027	3444	3158	3449
102.25	3265	3428	3040	3498	3196	3457
105.25	3310	3492	3083	3570	3235	3502
108.25	3391	3539	3115	3610	3280	3551
111.25	3413	3623	3170	3712	3407	3607
114.25	3488	3706	3234	3804	3536	3708
117	3586	3764	3285	3886	3564	3722
120	3729	3947	3481	4089	3854	3957
123	3845	4072	3533	4183	3877	4054
126	3967	4124	3616	4261	3952	4127
129	4080	4251	3733	4385	4096	4313
132	4197	4397	3805	4530	4144	4357
135	4274	4534	3893	4647	4268	4403
138	4319	4568	3963	4742	4290	4508
141	4405	4681	4047	4840	4445	4580
144	4494	4706	4125	4919	4481	4680
147	4515	4780	4283	5007	4552	4740
150	4557	4841	4339	5136	4650	4782
153	4564	4874	4352	5174	4732	4887
156	4687	4946	4434	5236	4815	4881
159	4738	5047	4486	5259	4851	4958
162	4782	5105	4598	5376	4892	5020
165	4806	5094	4583	5409	4892	5082
168	4828	5287	4611	5519	5045	5121
171	4973	5375	4774	5649	5111	5249
174	5051	5488	4855	5766	5180	5295
177	5046	5603	4909	5809	5182	5383
180	5100	5638	4953	5910	5269	5391
183	5110	5675	4968	5967	5322	5520
186	5239	5699	5105	6016	5415	5660
189	5164	5746	5140	6030	5425	5651
192	5212	5740	5149	6007	5497	5662
195	5252	5793	5173	6075	5530	5685
198	5323	5893	5176	6031	5564	5684
201	5387	5872	5159	6096	5708	5748
204	5526	5981	5237	6146	5701	5835
207	5472	6032	5235	6213	5695	5916
210	5562	6049	5258	6211	5792	5887
213	5651	6170	5422	6283	5915	5942
216	5541	6236	5476	6352	5961	5992
219	5629	6297	5523	6330	5872	6096
222	5722	6385	5566	6372	5998	6051
225	5721	6391	5613	6352	5981	6085
228	5673	6453	5603	6337	6031	6111
231	5785	6456	5769	6364	6044	6076
234	5728	6471	5573	6407	5979	6035
237	5843	6569	5798	6613	6135	6298
240	5993	6725	5971	6691	6183	6360
243	6011	6801	5965	6785	6217	6379
246	6077	6868	6046	6834	6232	6442
249	6039	6866	6064	6818	6314	6488
252	6070	6961	6171	6837	6387	6474
255	6107	6969	6117	6878	6366	6543
258	6171	7012	6229	6915	6459	6420
261	6197	7060	6274	6887	6495	6434
264	6208	6992	6280	6921	6460	6438
267	6196	7050	6232	6955	6366	6483
270	6231	7102	6282	6909	6410	6492
273	6164	7123	6276	6935	6472	6526
276	6240	7203	6271	7007	6472	6563
279	6234	7245	6371	7028	6523	6629
282	6250	7310	6360	7026	6600	6650
285	6328	7339	6433	7076	6596	6683
288	6649	7385	6489	7091	6571	6673
291	6846	7587	6479	7186	6750	6763
294	6897	7669	6587	7189	6791	6745
297	7001	7643	6624	7279	6753	6888
300	7058	7758	6654	7358	6771	6913
303	7095	7812	6697	7424	6930	6999
306	7160	7846	6798	7460	6966	7072
309	7169	7842	6890	7571	7017	7011
312	7226	7870	6905	7594	7008	7093
315	7191	7983	6904	7604	7057	7097
318	7361	7942	6871	7686	7147	7218
321	7376	8119	6938	7663	7219	7236
324	7221	8094	7027	7810	7229	7558
327	7452	8096	6976	7833	7226	7527
330	7639	8209	7040	7903	7366	7639
333	7568	8166	7041	7915	7373	7663
336	7331	8301	7134	7748	7414	7584
339	7472	8666	7267	8026	7608	7796
342	7476	8722	7541	8101	7677	7861
345	7680	8776	7585	8229	7798	7844
348	7793	9019	7654	8464	7863	7933
351	7940	9095	7762	8405	7851	8111
354	7927	9225	7911	8564	8079	8211
357	7985	9184	7824	8663	8106	8239
360	7908	9350	7983	8704	8374	8385
363	8057	9435	8098	8816	8447	8528
366	8189	9608	8190	8781	8554	8592
369	8223	9705	8216	8978	8640	8798
372	8279	9823	8381	8983	8668	8988
375	8321	9882	8484	9178	8787	9055
378	8539	10048	8563	9321	8907	9168
381	8529	10214	8735	9461	9067	9192
384	8610	10325	8726	9492	9152	9271
387	8727	10268	8923	9560	9272	9406
390	8780	10468	8920	9707	9420	9431
393	8894	10652	9077	9828	9518	9741
396	9057	10908	9238	9999	9680	9841
399	9110	11050	9487	10081	9863	9890
402	9235	11199	9477	10245	9978	10129
404.8666667	9266	11331	9422	10422	10034	10114
407.8666667	9454	11700	9792	10704	10396	10555
410.8666667	9798	11868	10077	10923	10649	10854
413.8666667	9964	12206	10212	11127	10965	11095
416.8666667	10138	12491	10548	11348	11206	11336
419.8666667	10332	12714	10653	11591	11322	11460
422.8666667	10513	12984	10952	11811	11486	11713
425.8666667	10848	13122	11150	11983	11720	11833
428.8666667	10906	13415	11243	12134	11931	12111
431.8666667	11061	13566	11481	12277	12110	12330
434.8666667	11341	13780	11720	12456	12299	12540
437.8666667	11344	14024	12008	12640	12420	12719
440.8666667	11717	14165	12157	12864	12688	12879
443.8666667	11892	14360	12209	13045	13057	13170
446.8666667	12115	14771	12515	13260	13202	13470
449.8666667	12332	14935	12622	13516	13516	13583
452.8666667	12399	15301	12990	13657	13735	13954
455.8666667	12454	15560	13355	13716	13836	14091
458.8666667	12905	15930	13539	14294	14249	14511
461.8666667	13300	16377	13984	14597	14654	14975
464.8666667	13549	16698	14124	14874	14817	15266
467.8666667	13848	17060	14472	15082	15296	15590
470.8666667	14161	17539	14891	15354	15486	16019
473.8666667	14310	17789	15177	15700	15801	16192
476.8666667	14561	18104	15473	16049	16128	16496
479.8666667	14934	18515	15848	16429	16353	16789
482.8666667	15041	18854	16235	16642	16680	17198
485.8666667	15402	19133	16511	16802	16983	17472
488.8666667	15765	19509	16831	17099	17266	17801
491.8666667	16076	19909	17279	17390	17755	18110
494.8666667	16326	20172	17494	17760	17957	18343
497.8666667	16848	20764	18051	18084	18262	18763
500.8666667	17074	21140	18300	18544	18742	19128
503.8666667	17339	21417	18594	18682	19146	19527
506.8666667	17608	21990	19019	19246	19388	19994
509.8666667	17830	22226	19260	19336	18799	20164
512.8666667	18618	22929	19800	19801	19457	20950
515.8666667	19099	23525	20454	20267	20097	21539
518.8666667	19597	24117	20905	20860	20593	22062
521.8666667	19946	24452	21313	21293	21017	22495
524.8666667	20695	25101	22095	21783	21544	22935
527.8666667	20880	25691	22429	21993	22131	23701
530.8666667	21472	26044	22852	22742	22586	23967
533.8666667	21795	26227	23545	23179	23105	24549
536.8666667	22735	26761	23706	23456	23391	24937
539.8666667	23144	27433	24266	24017	24089	25430
542.8666667	23355	27580	24697	24355	24523	25913
545.8666667	23850	28266	24810	24721	24972	26320
548.8666667	24350	28870	25397	25090	25408	26609
551.8666667	24938	29235	25882	25400	25672	27247
554.8666667	24911	29976	26332	25853	26471	27557
557.8666667	25831	30454	26729	26374	26835	28281
560.8666667	25980	30961	27308	26740	27065	28824
563.8666667	26682	31290	27636	26956	27516	28911
566.8666667	27060	31914	27783	27344	27975	29489
569.8666667	27296	32135	28360	27982	28496	29859
572.8666667	27720	32813	28663	28289	28673	30303
575.8666667	28274	33858	29208	28896	29571	30506
578.8666667	29149	34155	29738	29500	30124	30999
581.8666667	29942	34646	30293	30081	30805	31904
584.8666667	30273	35053	30685	30316	31139	32284
587.8666667	30784	35415	31202	30690	31783	32582
590.8666667	31110	35740	31466	31006	32182	33135
593.8666667	31910	36104	31872	31661	32433	33703
596.8666667	32059	36740	32345	31828	33213	34124
599.8666667	32443	37234	32633	32027	33453	34625
602.8666667	32519	37516	32964	32519	33729	34698
605.8666667	33478	37865	33154	33079	34529	35343
608.8666667	33263	38267	33941	33227	34488	35831
611.8666667	34123	38342	33804	33780	35382	35896
614.8666667	34020	38407	34199	34037	35059	36075
617.8666667	34275	38677	34828	33916	35934	36634